58468
-9
7
0 24
-1
1
-9
5
-8
0 1263
4
0 3301
-7
5
0 1886
-5
0 4462
-4
-1
0 1106
3
0 2157
6
-4
0 546
-7
0 2865
-4
-2
0 1504
9
0 3277
-2
-8
8
0 2073
4
-6
-6
9
5
-6
-9
0 3538
8
-9
3
-3
-3
-5
0 3173
-1
0 1576
-6
0 3731
-3
-3
0 3067
-7
9
-9
-5
-3
5
-1
-6
0 560
-1
8
7
0 2109
1
0 1608
-5
3
0 1315
-5
0 4015
-9
3
-8
8
-6
0 3398
-2
0 2347
9
7
5
0 4279
2
8
0 2841
-7
-3
-6
0 1543
-9
-6
0 4378
8
7
9
2
-3
4
2
2
0 4179
5
7
0 1304
4
4
-1
-5
0 3393
-7
-7
0 3826
-2
0 1482
-2
3
0 821
6
4
-2
7
0 3955
6
0 824
-3
0 4590
-7
0 1621
6
6
9
7
0 4628
3
4
0 10000